1000
403.5 124.5
36.5 329
465 136
272 439
461.5 354.5
220 82.5
246 21
493.5 251.5
163.5 364.5
420 306
151.5 84.5
354.5 78.5
280 466.5
49.5 139
408 167.5
48.5 413
256 133.5
405 316.5
489.5 74.5
289.5 410.5
483.5 336
196.5 168
242.5 372.5
114 45.5
97 178.5
0.5 76.5
354 472
334 245
62 98
265 451.5
361 333
274.5 12
400.5 426.5
488.5 204
114 466.5
149 490.5
317.5 6.5
432.5 407
31.5 268
212.5 334.5
57.5 47
314.5 250.5
258.5 97.5
52.5 202
225.5 149
94 61.5
252.5 441
376 283
358 168.5
219 72
250.5 448.5
435.5 414
68.5 179
88.5 198.5
147 452
304.5 115.5
372.5 87.5
317.5 149
71 199.5
484 206
130 278.5
297 4
197.5 484
56.5 265
3 481
471 182.5
41 426
383.5 410.5
347.5 356
335.5 450.5
295 415.5
369 28.5
308 395
320 339.5
167.5 3
486 49
47.5 159.5
227 111.5
144.5 380
452.5 63
61.5 253
406.5 385
119 47
110 422
183 267
113 197
181.5 369
422 295
275 79.5
311.5 473.5
192.5 108.5
136 269.5
123.5 192.5
248 442.5
311.5 210
72 484
367.5 457.5
312.5 267
21 5.5
339.5 76
122 147.5
409 198
346 407.5
495.5 16.5
334.5 198.5
276.5 273.5
412.5 105
331 105.5
404 188.5
380.5 312.5
167.5 434
497.5 388
383.5 219.5
437 165.5
278 150.5
436 280
47 492
377.5 394.5
203.5 7.5
96.5 384.5
340 227.5
427.5 253
481.5 251
338 54
124.5 165.5
422 319
404 498.5
325.5 424.5
101.5 365.5
265.5 7
209.5 387.5
4.5 90
464.5 111.5
27 130
368.5 272.5
158.5 262.5
100 128
282 298.5
324 352
275 75
488 206
277 398.5
252 190.5
374 32.5
189 349.5
104.5 64.5
276.5 241.5
223.5 303.5
386.5 161
152.5 88
26.5 112
315 183
200 222
185 142.5
8 449
77.5 66.5
278.5 288
89 133
178.5 355.5
439 307
409.5 368.5
66.5 295.5
360 381
316.5 98.5
15.5 294
294.5 436.5
438.5 152
179 100
127 480
457.5 473.5
240 365
477.5 273
53.5 119
0 463
17.5 428.5
56.5 57
296.5 180
177 209
178.5 292.5
364.5 7.5
281.5 51
458.5 321.5
209.5 483.5
373.5 134.5
197.5 151.5
236.5 51.5
374 192.5
329 229.5
203 465
412 66
486.5 301.5
448.5 460
475 115.5
240 101.5
450 260
266.5 129
1.5 338
475 467
390 439.5
416 287
274.5 271
124.5 385.5
155 439.5
491.5 485
20 361.5
325 485.5
114.5 159
373 149.5
115 310.5
388 62
122 479
348 385.5
32 280
299 375.5
470 251.5
275.5 400.5
102.5 40
209 137
324.5 206.5
160 12.5
6 391.5
394 58.5
4 275
162 97.5
128.5 255.5
345 333
205 296.5
276.5 282.5
480 371
201.5 176
153.5 70.5
455 100
399.5 63.5
85.5 393.5
207 312.5
320.5 258.5
174 421
157.5 487
222.5 186.5
110 455.5
119.5 27
152.5 464.5
126.5 94.5
83 178
152 430
449 296
360 58
290 433.5
176 469.5
349 450.5
405.5 308
445.5 335.5
364 335.5
330.5 22.5
60 120
79 226.5
313.5 175
355.5 281.5
297 266.5
363.5 413.5
397.5 265.5
221 258
3 257.5
462 300.5
48.5 330.5
51.5 162
54 468
140.5 7.5
355 108
452.5 486.5
390.5 360
395.5 84.5
432.5 413.5
268 364
62.5 192
83.5 474.5
238 23
288 333
233.5 260
192 495.5
105 129
105.5 372
259 359
467 412.5
383.5 344.5
409 7
412.5 459
14 14.5
17 363.5
120 377
270 198
467.5 41.5
24 432.5
5.5 126
32 438
118.5 337.5
122.5 355
207.5 96
355 373.5
18.5 149.5
223.5 357.5
346.5 289.5
64.5 82
489.5 250.5
262.5 144.5
479 16.5
400 44.5
335 108.5
423 19
271.5 169
468 160.5
359.5 248
123.5 394
179.5 493.5
17.5 117.5
456 342
494.5 392
367 333.5
259.5 307.5
22.5 488
330.5 412.5
409.5 315.5
451.5 349
399 319.5
2 251.5
339.5 382.5
195.5 53.5
462 182.5
60.5 227
53 225
351.5 416
16 70.5
327 488.5
108.5 450
144.5 232.5
373.5 311
439.5 158.5
258 24
381 14.5
19.5 354
451.5 328.5
380.5 376
233 310.5
278.5 498
477.5 465
247 277.5
110.5 156
146.5 213.5
116 222
395.5 99
76 428
285 151.5
219.5 457
399.5 383
417.5 460.5
21.5 376
43 359.5
75 205
311.5 334.5
302.5 471.5
155.5 215.5
496 408
349.5 485.5
319.5 185
418 445.5
428.5 416.5
164 88.5
205 341.5
88 244.5
45.5 217
355.5 452
13 445.5
395 261
182 445
442 406.5
220.5 63.5
89.5 392
268.5 435
280.5 290.5
82.5 401
366 166
427 379.5
423.5 188.5
231 5
409.5 75
188.5 470.5
418 360
149.5 56
379.5 478
195 76
24 7
22 459
75 50.5
147.5 410.5
365.5 250.5
122.5 480.5
28.5 255
464 402.5
86.5 68.5
334.5 48
251.5 210.5
337.5 259
150 244.5
131 27
131.5 321.5
444.5 125
367.5 207.5
182 247
481.5 379
326 46
158 357
210 30
225 184
370.5 423.5
98 393.5
250.5 117
64 285.5
224 437.5
126.5 435.5
164.5 146.5
359.5 235.5
410 382
39.5 315
205 40
56.5 171
69 191
22 414
196.5 287.5
490 0
298 473.5
185 43.5
271.5 366.5
426 130.5
412 200
190 389
428.5 211.5
249 7
422.5 331
254.5 305
424.5 109
145 27.5
371.5 277.5
192.5 267
137.5 160.5
75.5 113
125.5 229.5
391.5 357
218.5 439.5
349 50
68.5 142.5
439 142
171 457.5
480 33.5
70 353.5
283 364
281 181.5
484.5 445
311.5 139
156.5 380.5
5 420
489 0
197 253.5
328 275.5
393 215.5
272 369.5
388 292
126 54
257 227
9.5 14
335.5 185
331.5 473.5
12 271.5
427 4
490.5 276
144 81.5
179.5 9.5
189.5 178
230.5 243.5
176.5 449.5
394 122
440 233
141.5 137
118 454.5
283.5 417
469.5 342
325.5 274.5
133 233.5
55 294.5
163.5 386.5
290.5 147.5
468 437
217.5 115.5
486 14
399 35
293.5 148.5
44.5 323
45 55.5
306 231.5
56 390.5
475.5 115
160.5 106.5
64 475
300 479.5
377 496
97 165
316 279.5
388.5 389.5
316 136
191.5 40.5
76.5 311
260.5 478
409 295.5
450 98
60 352
299.5 64.5
72 87.5
435 208
299.5 40
309 144
226 64
400 331
420 74.5
192.5 291.5
257.5 329.5
439 479.5
280.5 191
24 27
220 190.5
385 14
125.5 272
434.5 297.5
234.5 355
86 461.5
62.5 109.5
425 215.5
121.5 423
434.5 335
197 305
196 32
262 180.5
259.5 310
281 330.5
362.5 217
474.5 45
161 130
46.5 464
61 190.5
183 234
11.5 361
319.5 258.5
396.5 182
89 478
385.5 170.5
177.5 418
244.5 364
60 451
156 308
173.5 473
425.5 336
405.5 261.5
368 302.5
303.5 316.5
433 276.5
206 462.5
20 76.5
128.5 366.5
147.5 69.5
125.5 129
347 80
69 464.5
437.5 299
146 316.5
281 138
118 323
436.5 232
242 96
59.5 421
164 429.5
131 72.5
358 63.5
86 374
0 185
199 146
272.5 464
150 71.5
96 281.5
391.5 136
400.5 4.5
110.5 243
256.5 384.5
265.5 178.5
409.5 243
428 408
127 377
407 307.5
268.5 483
148.5 438.5
380 206
95.5 115.5
87 231.5
438.5 162
392 416.5
375 263.5
499.5 214.5
304.5 72
182 225.5
406 489.5
67 203.5
291.5 300
129.5 155
376.5 445.5
160.5 112.5
126.5 464.5
48 276.5
330.5 429
245.5 481.5
460 384
343.5 263
236 109.5
320.5 102
475.5 46
222.5 185
237 481
88 158.5
413 206.5
172 285.5
489.5 17.5
64.5 144
424 489
308.5 361.5
419 254
464.5 463
484 403
99.5 127.5
414.5 138
244 448
409.5 432
68.5 208
159 245.5
341.5 199
60 374
480.5 325.5
9 488.5
473 330.5
239 114
31.5 117.5
253 154
484 339.5
59.5 161.5
338.5 196
476.5 489
426.5 147.5
135.5 237.5
102 481
16 409.5
265.5 17.5
234 234
305 117
135 389
132.5 22.5
139.5 37.5
163.5 343.5
181.5 18.5
383 267
41.5 337.5
92 277.5
78 199.5
332 46.5
443 316.5
462 23.5
97 165
383.5 332.5
455 341
402.5 157
326 120.5
292.5 295.5
403 380
480 456
201.5 215
42.5 100
292.5 233.5
242 494
100 343
50 247.5
99.5 51
214 91.5
458.5 68
401 244.5
289 362.5
394.5 361
297.5 302.5
159.5 345.5
360.5 387
257 431
353 141.5
313 209.5
400.5 165
322 187.5
129 231
65.5 368
360 154
12 473.5
254 205.5
198.5 0
157 448
499.5 322.5
266.5 481
269.5 377
410.5 143
268 5
331 86.5
246.5 317.5
494 285.5
419 410.5
445.5 206.5
280 478.5
46 371.5
387.5 384
206.5 207.5
318 445.5
173.5 184.5
416 67
464 71.5
439.5 453
27 403.5
268.5 101.5
210.5 223.5
17 474.5
208 379.5
469 275
91.5 93
48 342.5
262 461
181.5 90.5
6 125.5
101 247.5
268 227
104 490
15.5 415
47.5 357
56 68
468.5 4.5
342.5 459.5
190.5 305
454 304.5
219.5 433.5
59.5 133
499.5 260
257.5 288.5
461 71
490 440.5
442.5 15
162.5 218
497 472.5
301 116.5
240 228
417 258.5
440.5 390.5
229 402.5
496 80
325.5 100.5
271 472
317.5 277.5
436 221.5
161 6.5
220.5 390.5
389.5 259
80 364.5
477.5 41
182 16
156.5 97.5
164 252
427.5 355.5
440.5 305
452 275.5
308 380.5
432 202.5
61 56.5
471.5 318
59 497
94 371.5
319.5 251
171.5 35
109.5 106
158.5 466
391 48.5
429.5 36.5
295 409.5
5 455.5
7.5 489
271 22.5
135 281
4 491.5
49.5 354.5
106.5 275
475.5 332.5
251 308.5
476.5 149.5
458 292
434.5 221
251.5 257.5
164.5 128.5
191 132
176 77
263 13.5
377.5 129.5
476 193
211 64.5
393 274.5
439.5 99
445 301.5
343 221.5
413.5 292.5
99 293.5
408.5 15.5
238 230.5
281.5 107
191.5 416
361 255.5
395.5 435.5
71 366.5
276.5 15
190 352
457.5 443.5
55 340.5
279 393
216.5 20
329.5 468
281 469
377 263
263 356
297.5 310.5
88.5 170.5
79 27
10 98.5
363.5 225.5
231 166
468.5 402
28.5 202.5
453.5 471.5
129 269.5
171.5 348.5
140.5 482.5
228.5 302.5
58.5 206
312 92
229.5 149.5
108 370
425.5 423
461 446.5
307.5 24.5
180.5 324.5
115.5 398
61.5 348
222 125
119 215.5
179.5 467.5
132.5 400.5
193.5 218.5
474 60
212 447
387.5 451.5
494.5 143
422.5 71.5
128.5 166
130.5 289
52 101
15.5 110
343 315
321.5 183.5
324 422
158.5 374.5
62.5 136.5
431.5 208
340 174
489.5 478.5
407 352.5
94.5 153.5
452.5 263.5
307 357.5
154 448.5
224.5 247.5
14.5 13
433 199
492.5 331
259 426.5
289.5 101.5
191.5 361.5
279.5 110.5
87 17
337.5 351
218 139.5
457.5 375
6.5 425
246 474
41.5 490.5
423.5 104
353 89
153 133.5
57 455
235 179
308.5 473
152 328
331.5 318.5
449 367
328 254
6 56.5
140 362
52 306.5
36.5 481
489.5 188.5
134.5 73.5
315.5 376.5
316.5 369.5
260 97
298.5 212
435.5 479
160 474
9 200.5
258.5 196
306.5 290
178 470
297 434
335 231.5
324.5 67
212.5 435.5
445.5 325
108.5 5
327 262.5
450.5 247
196 17
485 273
93.5 60.5
282.5 294.5
485.5 432.5
80 55
387.5 54.5
347 161.5
267 237
207 247
211.5 437.5
38.5 178.5
313.5 111
287 86
419.5 19.5
91.5 208.5
265 445
303 448
6 447.5
469 258
160.5 342
113.5 289
230 486
243.5 317.5
290.5 263
97 15
147.5 129
209.5 106
221.5 156
353 314
296.5 463
113 363
366.5 490.5
148 196
30.5 4.5
188.5 62
261 120
26 407.5
90 146
75.5 26
486.5 338.5
208.5 313
232.5 130.5
369.5 424.5
3.5 359.5
215 188
412.5 290.5
163.5 329.5
248.5 96.5
112.5 414.5
411 174
276.5 439.5
234 113.5
212 215.5
138.5 203
250 136
300.5 465
349 38.5
274.5 147
63.5 326
29.5 288.5
335 75.5
112 42
10 7.5
109.5 88.5
347.5 447.5
332 300
59 58.5
361.5 308.5
377 284
